1.0 0.730009770473754 0.6207775450809483 0.25909953971829747 0.5328370737294028
1.0 0.31284695067305984 0.5791767748818383 0.05777288367997879 0.11665493824032369
1.0 0.2720568101513897 0.595958925518992 0.0657976717388909 0.15100403993590072
1.0 0.23368398157222103 0.6019983062926927 0.0598086042600704 0.13600462622887233
1.0 0.19495987849447802 0.6172041704754142 0.07019169268849268 0.14828024197120593
1.0 0.12331932607196953 0.625250098482988 0.07945382444550639 0.18352046631362873
1.0 0.14667577181619523 0.5440623114575451 0.07221120689907815 0.12887136022651086
1.0 0.009411321480695234 0.6296674436825285 0.018822642961390468 0.1431779429080441
1.0 0.06192065070404944 0.6160649509850158 0.058863791911923036 0.14490777112552844
1.0 0.03750614464622763 0.5167350467695715 0.036980363276273125 0.11121312553027518
1.0 0.010028331981569416 0.5157407576957111 0.02005666396313883 0.10290932731296942
1.0 0.2659090353771202 0.4637846534172094 0.08271498301097407 0.11022598237672104
